{
 "cells": [
  {
   "cell_type": "code",
   "execution_count": 19,
   "id": "1ec9d1c5-c48f-4089-9770-5e8d8edaa58a",
   "metadata": {},
   "outputs": [
    {
     "name": "stdout",
     "output_type": "stream",
     "text": [
      "{'MovieName': ['Movie A', 'Movie B', 'Movie C', 'Movie D', 'Movie E', 'Movie F', 'Movie G', 'Movie H', 'Movie I', 'Movie J', 'Movie K', 'Movie L', 'Movie M'], 'Review1': [5, 4, 3, 5, 3, 2, 3, 4, 3, 2, 3, 4, 3], 'Review2': [4, 3, 5, 2, 3, 3, 4, 3, 3, 2, 3, 4, 4], 'Review3': [2, 4, 4, 3, 3, 3, 4, 3, 3, 2, 3, 4, 2], 'Review4': [4, 4, 4, 3, 3, 2, 3, 4, 3, 2, 3, 4, 3], 'Review5': [2, 4, 4, 5, 3, 3, 4, 3, 3, 2, 3, 4, 3], 'Review6': [3, 3, 4, 3, 3, 2, 3, 4, 3, 2, 3, 4, 3], 'Review7': [2, 4, 4, 5, 3, 3, 4, 3, 3, 2, 3, 4, 4], 'Review8': [2, 4, 4, 3, 3, 3, 4, 3, 3, 2, 3, 4, 3], 'Review9': [2, 4, 4, 3, 3, 2, 3, 4, 3, 2, 3, 4, 2], 'Review10': [2, 3, 4, 3, 3, 3, 4, 3, 3, 2, 3, 4, 3], 'Review11': [5, 4, 4, 4, 3, 3, 4, 3, 3, 2, 3, 4, 3], 'Review12': [2, 4, 2, 3, 3, 3, 4, 3, 3, 2, 3, 4, 3], 'Review13': [2, 3, 4, 3, 3, 3, 4, 3, 3, 2, 3, 4, 4]}\n",
      "   MovieName  Review1  Review2  Review3  Review4  Review5  Review6  Review7  \\\n",
      "0    Movie A        5        4        2        4        2        3        2   \n",
      "1    Movie B        4        3        4        4        4        3        4   \n",
      "2    Movie C        3        5        4        4        4        4        4   \n",
      "3    Movie D        5        2        3        3        5        3        5   \n",
      "4    Movie E        3        3        3        3        3        3        3   \n",
      "5    Movie F        2        3        3        2        3        2        3   \n",
      "6    Movie G        3        4        4        3        4        3        4   \n",
      "7    Movie H        4        3        3        4        3        4        3   \n",
      "8    Movie I        3        3        3        3        3        3        3   \n",
      "9    Movie J        2        2        2        2        2        2        2   \n",
      "10   Movie K        3        3        3        3        3        3        3   \n",
      "11   Movie L        4        4        4        4        4        4        4   \n",
      "12   Movie M        3        4        2        3        3        3        4   \n",
      "\n",
      "    Review8  Review9  Review10  Review11  Review12  Review13  \n",
      "0         2        2         2         5         2         2  \n",
      "1         4        4         3         4         4         3  \n",
      "2         4        4         4         4         2         4  \n",
      "3         3        3         3         4         3         3  \n",
      "4         3        3         3         3         3         3  \n",
      "5         3        2         3         3         3         3  \n",
      "6         4        3         4         4         4         4  \n",
      "7         3        4         3         3         3         3  \n",
      "8         3        3         3         3         3         3  \n",
      "9         2        2         2         2         2         2  \n",
      "10        3        3         3         3         3         3  \n",
      "11        4        4         4         4         4         4  \n",
      "12        3        2         3         3         3         4  \n",
      "[[123 137 143 130 111  97 134 125 111  74 111 148 115]\n",
      " [137 180 183 169 144 129 177 159 144  96 144 192 146]\n",
      " [143 183 198 171 150 135 185 165 150 100 150 200 155]\n",
      " [130 169 171 167 135 121 166 149 135  90 135 180 139]\n",
      " [111 144 150 135 117 105 144 129 117  78 117 156 120]\n",
      " [ 97 129 135 121 105  97 132 113 105  70 105 140 109]\n",
      " [134 177 185 166 144 132 180 156 144  96 144 192 149]\n",
      " [125 159 165 149 129 113 156 145 129  86 129 172 131]\n",
      " [111 144 150 135 117 105 144 129 117  78 117 156 120]\n",
      " [ 74  96 100  90  78  70  96  86  78  52  78 104  80]\n",
      " [111 144 150 135 117 105 144 129 117  78 117 156 120]\n",
      " [148 192 200 180 156 140 192 172 156 104 156 208 160]\n",
      " [115 146 155 139 120 109 149 131 120  80 120 160 128]]\n",
      "[[1.         0.92072887 0.91632785 0.90705278 0.9252892  0.8880416\n",
      "  0.90056692 0.93599484 0.9252892  0.9252892  0.9252892  0.9252892\n",
      "  0.91651653]\n",
      " [0.92072887 1.         0.96935363 0.97474769 0.99227788 0.97626471\n",
      "  0.98333333 0.98418529 0.99227788 0.99227788 0.99227788 0.99227788\n",
      "  0.96185945]\n",
      " [0.91632785 0.96935363 1.         0.9403841  0.98552066 0.97412638\n",
      "  0.97994766 0.97379457 0.98552066 0.98552066 0.98552066 0.98552066\n",
      "  0.97363038]\n",
      " [0.90705278 0.97474769 0.9403841  1.         0.96578977 0.95069513\n",
      "  0.95744448 0.95751157 0.96578977 0.96578977 0.96578977 0.96578977\n",
      "  0.9507177 ]\n",
      " [0.9252892  0.99227788 0.98552066 0.96578977 1.         0.98562225\n",
      "  0.99227788 0.9904049  1.         1.         1.         1.\n",
      "  0.98058068]\n",
      " [0.8880416  0.97626471 0.97412638 0.95069513 0.98562225 1.\n",
      "  0.99896854 0.95281498 0.98562225 0.98562225 0.98562225 0.98562225\n",
      "  0.97821799]\n",
      " [0.90056692 0.98333333 0.97994766 0.95744448 0.99227788 0.99896854\n",
      "  1.         0.96561576 0.99227788 0.99227788 0.99227788 0.99227788\n",
      "  0.98162369]\n",
      " [0.93599484 0.98418529 0.97379457 0.95751157 0.9904049  0.95281498\n",
      "  0.96561576 1.         0.9904049  0.9904049  0.9904049  0.9904049\n",
      "  0.96157311]\n",
      " [0.9252892  0.99227788 0.98552066 0.96578977 1.         0.98562225\n",
      "  0.99227788 0.9904049  1.         1.         1.         1.\n",
      "  0.98058068]\n",
      " [0.9252892  0.99227788 0.98552066 0.96578977 1.         0.98562225\n",
      "  0.99227788 0.9904049  1.         1.         1.         1.\n",
      "  0.98058068]\n",
      " [0.9252892  0.99227788 0.98552066 0.96578977 1.         0.98562225\n",
      "  0.99227788 0.9904049  1.         1.         1.         1.\n",
      "  0.98058068]\n",
      " [0.9252892  0.99227788 0.98552066 0.96578977 1.         0.98562225\n",
      "  0.99227788 0.9904049  1.         1.         1.         1.\n",
      "  0.98058068]\n",
      " [0.91651653 0.96185945 0.97363038 0.9507177  0.98058068 0.97821799\n",
      "  0.98162369 0.96157311 0.98058068 0.98058068 0.98058068 0.98058068\n",
      "  1.        ]]\n",
      "[('Movie J', 'Movie L', 1.0000000000000004), ('Movie E', 'Movie J', 0.9999999999999997), ('Movie E', 'Movie L', 0.9999999999999997), ('Movie I', 'Movie J', 0.9999999999999997), ('Movie I', 'Movie L', 0.9999999999999997), ('Movie J', 'Movie K', 0.9999999999999997), ('Movie K', 'Movie L', 0.9999999999999997), ('Movie E', 'Movie I', 0.9999999999999994), ('Movie E', 'Movie K', 0.9999999999999994), ('Movie I', 'Movie K', 0.9999999999999994), ('Movie F', 'Movie G', 0.9989685402102999), ('Movie B', 'Movie J', 0.9922778767136675), ('Movie B', 'Movie L', 0.9922778767136675), ('Movie G', 'Movie J', 0.9922778767136674), ('Movie G', 'Movie L', 0.9922778767136674), ('Movie B', 'Movie E', 0.9922778767136673), ('Movie B', 'Movie I', 0.9922778767136673), ('Movie B', 'Movie K', 0.9922778767136673), ('Movie E', 'Movie G', 0.9922778767136673), ('Movie G', 'Movie I', 0.9922778767136673), ('Movie G', 'Movie K', 0.9922778767136673), ('Movie H', 'Movie J', 0.9904048953654895), ('Movie H', 'Movie L', 0.9904048953654895), ('Movie E', 'Movie H', 0.9904048953654894), ('Movie H', 'Movie I', 0.9904048953654894), ('Movie H', 'Movie K', 0.9904048953654894), ('Movie E', 'Movie F', 0.9856222548132666), ('Movie F', 'Movie I', 0.9856222548132666), ('Movie F', 'Movie J', 0.9856222548132666), ('Movie F', 'Movie K', 0.9856222548132666), ('Movie F', 'Movie L', 0.9856222548132666), ('Movie C', 'Movie J', 0.9855206599818046), ('Movie C', 'Movie L', 0.9855206599818046), ('Movie C', 'Movie E', 0.9855206599818044), ('Movie C', 'Movie I', 0.9855206599818044), ('Movie C', 'Movie K', 0.9855206599818044), ('Movie B', 'Movie H', 0.9841852923383747), ('Movie B', 'Movie G', 0.9833333333333334), ('Movie G', 'Movie M', 0.9816236903439345), ('Movie J', 'Movie M', 0.9805806756909203), ('Movie L', 'Movie M', 0.9805806756909203), ('Movie E', 'Movie M', 0.9805806756909198), ('Movie I', 'Movie M', 0.9805806756909198), ('Movie K', 'Movie M', 0.9805806756909198), ('Movie C', 'Movie G', 0.979947661169081), ('Movie F', 'Movie M', 0.9782179911166682), ('Movie B', 'Movie F', 0.9762647097509749), ('Movie B', 'Movie D', 0.9747476941234258), ('Movie C', 'Movie F', 0.974126383899343), ('Movie C', 'Movie H', 0.9737945687202028), ('Movie C', 'Movie M', 0.9736303835323615), ('Movie B', 'Movie C', 0.9693536323996855), ('Movie D', 'Movie J', 0.9657897725932355), ('Movie D', 'Movie L', 0.9657897725932355), ('Movie D', 'Movie E', 0.9657897725932354), ('Movie D', 'Movie I', 0.9657897725932354), ('Movie D', 'Movie K', 0.9657897725932354), ('Movie G', 'Movie H', 0.9656157585206695), ('Movie B', 'Movie M', 0.9618594549678822), ('Movie H', 'Movie M', 0.961573109455327), ('Movie D', 'Movie H', 0.957511572849767), ('Movie D', 'Movie G', 0.9574444806182763), ('Movie F', 'Movie H', 0.9528149773632899), ('Movie D', 'Movie M', 0.9507177008484625), ('Movie D', 'Movie F', 0.9506951264902523), ('Movie C', 'Movie D', 0.940384104800685), ('Movie A', 'Movie H', 0.9359948435062914), ('Movie A', 'Movie E', 0.9252891980686573), ('Movie A', 'Movie I', 0.9252891980686573), ('Movie A', 'Movie J', 0.9252891980686573), ('Movie A', 'Movie K', 0.9252891980686573), ('Movie A', 'Movie L', 0.9252891980686573), ('Movie A', 'Movie B', 0.9207288656727924), ('Movie A', 'Movie M', 0.9165165250285485), ('Movie A', 'Movie C', 0.9163278506629776), ('Movie A', 'Movie D', 0.9070527847890948), ('Movie A', 'Movie G', 0.9005669197091547), ('Movie A', 'Movie F', 0.8880416016036987)]\n",
      "Top 3 similar movie pairs based on cosine similarity:\n",
      "Movie J and Movie L - Similarity: 1.0000\n",
      "Movie E and Movie J - Similarity: 1.0000\n",
      "Movie E and Movie L - Similarity: 1.0000\n"
     ]
    }
   ],
   "source": [
    "import numpy as np\n",
    "from sklearn.metrics.pairwise import cosine_similarity\n",
    "#\tmovie  []                                        \treview (SCALE -1 to 5)\n",
    "#1\tThe Lord of the Rings The Two Towers[A]  --\t[5] remarkable display of fantasy action powerful ring hobbit destroy it fight\n",
    "#2\tInception[B]             --                 [3] implanting stealing idea destroy gripping action jaw dropping fight stunning visual violence\n",
    "#3\tSpiderman Across the spider verse[C]\t--  [4]mind bending wild action sequences intimate emotional moments amazing action\n",
    "#4\tThe Dark Knight[D]\t        --              [3]Best live action portrayal beat organized crime in Gotham enigmatic villain brutality violence\n",
    "#5\tThree colors red[E]\t              --        [2]mesmerising friendship turned love profound unconventional bond heartfelt \n",
    "#6\tIt happened one night[F]\t      --        [3] Romantic comedy screwball comedy enduring tale of romance comical true love\n",
    "#7\tIn the Mood for Love[G] \t   --           [3] Neighbors solace bonding affair predicament spell binding infatuation heartwarming\n",
    "#8\tBefore Sunrise[H]\t              --        [2] blossoming love know each other chance encounter meeting someone special fleeting romance magical evening\n",
    "#9\tGone with the wind[I]\t          --        [4] epic romance greatest romantic film ever made touching amazing relationship cherished love\n",
    "#10\tEternal Sunshine of the Spotless Mind[J]\t[4] Length people go finding love of life emotional rollercoaster in blossoming of love reignited fascinating journey into heart \n",
    "#11\tThe Shawshank Redemption[K]\t   --           [4] movie about friendship life fight to be good person prisoner surviving\n",
    "#12\tRaging Bull\tbrutal boxing[L]     --         [4] sports movie turbulent life outside ring almost tragedy character not likable pitiable brutal\n",
    "#13\tLawrence of Arabia[M]\t          --        [5] classic adventure war movie psychological drama british officer fight ottoman success ego dangerous\n",
    "\n",
    "data = {\n",
    "    \n",
    "         'MovieName': ['Movie A', 'Movie B', 'Movie C', 'Movie D','Movie E', 'Movie F', 'Movie G', 'Movie H', 'Movie I', 'Movie J', 'Movie K', 'Movie L', 'Movie M',],\n",
    "         'Review1': [5, 4, 3, 5, 3, 2, 3, 4, 3, 2, 3, 4, 3],\n",
    "         'Review2': [4, 3, 5, 2, 3, 3, 4, 3, 3, 2, 3, 4, 4],\n",
    "         'Review3': [2, 4, 4, 3, 3, 3, 4, 3, 3, 2, 3, 4, 2],\n",
    "         'Review4': [4, 4, 4, 3, 3, 2, 3, 4, 3, 2, 3, 4, 3],\n",
    "         'Review5': [2, 4, 4, 5, 3, 3, 4, 3, 3, 2, 3, 4, 3],\n",
    "         'Review6': [3, 3, 4, 3, 3, 2, 3, 4, 3, 2, 3, 4, 3],\n",
    "         'Review7': [2, 4, 4, 5, 3, 3, 4, 3, 3, 2, 3, 4, 4],\n",
    "         'Review8': [2, 4, 4, 3, 3, 3, 4, 3, 3, 2, 3, 4, 3],\n",
    "         'Review9': [2, 4, 4, 3, 3, 2, 3, 4, 3, 2, 3, 4, 2],\n",
    "         'Review10': [2, 3, 4, 3,3, 3, 4, 3, 3, 2, 3, 4, 3],\n",
    "         'Review11': [5, 4, 4, 4,3, 3, 4, 3, 3, 2, 3, 4, 3],\n",
    "        'Review12': [2, 4, 2, 3, 3, 3, 4, 3, 3, 2, 3, 4, 3],\n",
    "        'Review13': [2, 3, 4, 3, 3, 3, 4, 3, 3, 2, 3, 4, 4],\n",
    "}\n",
    "print(data)\n",
    "\n",
    "# Create a pandas DataFrame from the data\n",
    "df = pd.DataFrame(data)\n",
    "print(df)\n",
    "\n",
    "\n",
    "\n",
    "# similarity using dot product formula\n",
    "dot_product_similarity = np.dot(review_vectors, review_vectors.T)\n",
    "print(dot_product_similarity)\n",
    "\n",
    "# similarity using cosine similarity\n",
    "cosine_similarity_matrix = cosine_similarity(review_vectors)\n",
    "print(cosine_similarity_matrix)\n",
    "\n",
    "# Top 3 pairs of movies that are very much alike using cosine similarity\n",
    "top_pairs_cosine = []\n",
    "num_movies = len(df)\n",
    "\n",
    "for i in range(num_movies):\n",
    "    for j in range(i + 1, num_movies):\n",
    "        similarity = cosine_similarity_matrix[i][j]\n",
    "        top_pairs_cosine.append((df['MovieName'][i], df['MovieName'][j], similarity))\n",
    "\n",
    "# differenate the pairs based on similarity\n",
    "top_pairs_cosine.sort(key=lambda x: x[2], reverse=True)\n",
    "print(top_pairs_cosine)\n",
    "\n",
    "# Print the top 3 similar movie pairs\n",
    "print(\"Top 3 similar movie pairs based on cosine similarity:\")\n",
    "for pair in top_pairs_cosine[:3]:\n",
    "    print(f\"{pair[0]} and {pair[1]} - Similarity: {pair[2]:.4f}\")"
   ]
  },
  {
   "cell_type": "code",
   "execution_count": null,
   "id": "129a5a44-6887-449c-a43e-ce91bde9b015",
   "metadata": {},
   "outputs": [],
   "source": []
  },
  {
   "cell_type": "code",
   "execution_count": null,
   "id": "aa84123c-74b9-4230-9535-8bc6556c3c10",
   "metadata": {},
   "outputs": [],
   "source": []
  }
 ],
 "metadata": {
  "kernelspec": {
   "display_name": "Python 3 (ipykernel)",
   "language": "python",
   "name": "python3"
  },
  "language_info": {
   "codemirror_mode": {
    "name": "ipython",
    "version": 3
   },
   "file_extension": ".py",
   "mimetype": "text/x-python",
   "name": "python",
   "nbconvert_exporter": "python",
   "pygments_lexer": "ipython3",
   "version": "3.10.8"
  }
 },
 "nbformat": 4,
 "nbformat_minor": 5
}
